0.00	136.50	205.49	394.10	563.53	753.88	924.31	988.33	1192.90	1297.87	1501.21	1612.25	1793.12	2009.72	92.64	198.63	258.00	399.08	543.05	731.93	934.81	994.74	1122.86	1308.14	1455.23	1658.94	1852.51	1967.72	313.15	244.64	333.28	473.22	604.70	736.83	958.86	1118.71	1272.29	1373.89	1486.29	1616.03	1804.85	1920.43	401.75	433.65	434.20	580.85	758.09	822.24	939.41	1117.40	1250.99	1441.22	1555.03	1642.90	1848.66	1957.84	617.92	558.46	605.35	689.56	754.81	843.15	954.31	1192.50	1289.86	1482.68	1539.01	1760.87	1933.06	2030.89	701.18	730.41	687.61	801.65	932.73	964.37	1140.82	1221.29	1379.46	1530.00	1595.06	1756.81	1977.35	2038.36	896.15	821.75	845.80	959.43	997.81	1108.86	1169.82	1305.23	1484.20	1546.86	1731.24	1819.24	1922.98	2131.90	927.96	985.26	1020.76	999.18	1203.38	1202.07	1251.82	1424.24	1532.22	1669.69	1700.55	1876.85	2084.58	2137.13	1167.56	1080.05	1155.96	1123.04	1265.70	1307.71	1471.46	1571.21	1651.27	1784.64	1838.97	1943.97	2105.78	2239.51	1218.22	1286.03	1306.83	1297.26	1414.99	1517.12	1540.58	1623.55	1702.59	1820.13	1999.19	2099.10	2145.62	2375.31	1460.14	1355.95	1474.19	1482.04	1476.48	1574.05	1678.22	1738.26	1792.75	1922.97	2068.73	2132.97	2263.26	2351.86	1596.74	1619.08	1591.29	1573.13	1622.87	1714.36	1744.67	1906.54	1947.84	2019.41	2127.91	2248.14	2327.97	2400.06	1644.50	1643.62	1743.01	1741.00	1840.73	1786.12	1926.55	1938.06	2080.64	2117.57	2256.78	2300.58	2451.20	2569.14	1823.87	1772.77	1900.39	1921.83	1903.17	1997.91	2025.14	2067.15	2113.00	2305.85	2426.59	2433.08	2624.47	2724.51	2010.09	1962.47	1989.05	2010.24	2006.99	2063.44	2126.31	2280.94	2287.34	2444.45	2422.71	2552.30	2690.73	2784.84
136.50	0.00	77.88	258.60	427.40	618.23	787.89	851.84	1056.74	1162.15	1365.64	1476.57	1657.21	1873.74	175.22	138.95	179.38	277.09	418.14	601.18	801.53	863.54	990.80	1175.62	1320.84	1525.00	1718.04	1833.16	394.36	234.96	265.84	389.97	488.49	616.41	832.76	990.26	1144.36	1244.99	1355.59	1485.14	1671.93	1787.94	433.29	455.88	384.86	491.49	665.82	718.79	829.10	997.50	1130.44	1315.37	1429.24	1516.30	1720.01	1827.05	653.10	554.59	567.40	622.00	683.84	751.75	847.86	1077.75	1174.36	1361.53	1417.65	1637.96	1807.68	1902.65	742.52	746.01	668.72	741.38	857.59	877.80	1041.12	1123.69	1268.06	1416.89	1479.92	1636.43	1855.55	1917.73	926.39	835.68	830.38	915.79	929.56	1044.83	1089.72	1213.40	1383.07	1440.26	1620.43	1709.27	1804.70	2013.23	965.10	998.54	1002.46	971.35	1152.14	1142.39	1175.50	1334.33	1433.56	1570.19	1595.02	1770.32	1971.12	2023.97	1189.41	1094.85	1152.87	1096.69	1217.02	1257.25	1401.33	1490.31	1560.96	1693.15	1743.60	1842.88	1998.60	2131.08	1250.68	1298.45	1299.81	1277.30	1372.76	1465.54	1480.60	1550.74	1624.27	1736.87	1904.54	2001.76	2043.29	2269.77	1478.31	1370.86	1474.39	1465.32	1442.41	1524.37	1624.22	1672.13	1719.54	1845.38	1982.55	2037.81	2166.42	2252.20	1619.57	1627.70	1585.93	1551.54	1589.95	1671.84	1697.42	1848.56	1881.59	1939.60	2048.90	2164.41	2235.19	2303.02	1671.85	1651.88	1741.98	1726.03	1816.98	1748.48	1878.09	1878.81	2021.03	2043.94	2183.75	2216.01	2361.93	2477.25	1845.62	1786.28	1898.56	1906.83	1883.01	1968.45	1983.57	2016.18	2054.98	2239.38	2353.71	2352.27	2541.96	2637.22	2031.96	1969.40	1990.27	1996.87	1986.38	2034.83	2085.51	2235.16	2234.18	2380.44	2355.35	2477.66	2609.30	2699.22
205.49	77.88	0.00	191.58	370.44	562.26	726.82	789.44	997.22	1104.50	1308.30	1418.74	1598.34	1814.42	253.03	192.08	214.01	256.71	387.45	557.71	751.58	817.54	942.73	1126.19	1267.02	1472.03	1663.61	1778.44	471.13	296.75	298.06	403.58	467.72	588.28	795.09	948.35	1102.75	1201.64	1309.12	1438.17	1621.00	1737.75	500.28	519.79	420.86	496.74	665.12	707.56	810.08	966.97	1098.56	1276.26	1389.96	1475.76	1676.25	1779.82	718.47	607.49	604.27	640.30	698.82	750.59	832.49	1052.58	1147.99	1328.23	1383.97	1601.97	1768.35	1859.30	809.07	804.09	713.35	762.55	867.57	879.17	1030.52	1114.43	1245.55	1392.20	1452.98	1603.44	1820.58	1884.04	988.47	892.45	874.84	945.05	943.62	1060.79	1094.38	1208.46	1369.70	1421.80	1597.52	1686.99	1773.77	1981.60	1029.26	1054.10	1044.27	1008.65	1175.38	1160.53	1182.38	1330.40	1422.15	1557.67	1577.13	1751.15	1944.99	1998.06	1247.44	1150.55	1200.89	1133.95	1241.45	1280.43	1411.47	1492.61	1555.96	1686.89	1734.11	1828.39	1978.46	2109.60	1312.35	1352.47	1345.47	1316.90	1400.21	1487.22	1497.08	1558.56	1628.03	1736.76	1895.30	1990.17	2027.38	2250.74	1534.13	1425.66	1522.74	1505.84	1474.12	1547.00	1643.95	1684.07	1726.62	1849.13	1979.76	2027.93	2154.99	2238.29	1676.90	1679.31	1631.49	1589.40	1621.82	1698.19	1720.97	1865.29	1892.96	1941.56	2051.24	2163.15	2226.93	2291.24	1730.79	1703.28	1789.16	1766.74	1853.11	1777.36	1900.52	1894.68	2036.39	2050.05	2190.05	2214.05	2356.23	2469.38	1902.16	1839.62	1945.09	1947.15	1920.83	2001.31	2009.77	2036.86	2071.29	2249.97	2359.86	2352.87	2541.09	2632.71	2088.30	2019.69	2038.02	2037.83	2023.78	2068.02	2111.97	2258.52	2253.16	2392.44	2365.19	2482.46	2609.14	2695.91
394.10	258.60	191.58	0.00	185.82	375.65	535.90	598.07	806.72	914.89	1118.71	1228.81	1407.83	1623.68	425.44	306.67	287.45	188.38	257.91	389.03	570.16	640.66	762.34	943.52	1079.91	1285.37	1475.65	1590.20	621.64	407.38	341.03	381.17	352.62	448.23	631.16	776.10	929.87	1025.94	1129.22	1257.37	1435.93	1553.23	608.08	616.52	450.80	441.40	582.47	598.67	680.99	812.81	940.68	1105.99	1218.99	1302.77	1498.70	1598.19	811.88	666.24	619.25	605.29	652.15	662.80	710.39	906.98	999.16	1166.41	1221.25	1434.93	1596.22	1681.93	904.29	870.50	743.31	728.25	801.66	792.67	914.05	999.39	1102.80	1244.37	1300.88	1440.87	1654.38	1719.55	1063.75	952.23	898.26	924.93	885.25	1004.14	1010.27	1101.17	1243.22	1285.08	1451.61	1541.74	1613.80	1819.96	1111.28	1106.43	1055.68	1008.36	1134.50	1107.20	1101.82	1223.73	1299.10	1431.37	1440.44	1611.17	1792.18	1845.46	1304.79	1201.65	1227.34	1130.82	1202.43	1237.65	1335.26	1397.76	1444.88	1572.24	1612.64	1696.72	1835.79	1964.15	1381.47	1395.34	1362.80	1317.22	1366.66	1437.95	1434.94	1475.47	1535.20	1634.69	1773.48	1863.30	1892.23	2109.21	1580.94	1470.23	1546.05	1506.40	1450.82	1499.43	1588.27	1609.40	1640.46	1754.70	1870.63	1904.24	2027.79	2106.14	1727.55	1711.26	1645.39	1581.61	1597.39	1658.65	1674.13	1800.58	1815.46	1842.72	1952.63	2056.35	2105.65	2162.92	1786.59	1734.41	1806.60	1765.38	1838.27	1743.72	1849.51	1827.72	1967.36	1959.71	2099.44	2105.60	2239.62	2348.12	1948.63	1875.93	1959.50	1943.39	1910.18	1976.58	1967.57	1980.63	2004.29	2168.76	2268.22	2249.25	2433.79	2517.68	2133.07	2045.16	2055.57	2035.33	2011.32	2043.80	2069.81	2207.80	2191.69	2313.86	2281.80	2387.40	2503.12	2583.13
563.53	427.40	370.44	185.82	0.00	191.83	361.56	426.67	629.37	735.03	938.68	1049.44	1229.85	1446.34	577.85	432.71	391.71	222.50	165.04	211.32	384.35	455.38	576.52	757.98	896.60	1101.72	1293.17	1408.03	745.28	514.75	408.79	379.90	250.06	299.12	452.44	592.03	745.29	840.55	943.41	1071.62	1251.32	1368.39	694.13	692.14	485.46	392.93	486.38	473.24	531.08	638.98	763.40	922.05	1034.69	1117.84	1312.94	1412.56	873.39	703.66	619.29	557.10	587.99	555.44	566.19	738.44	827.45	986.04	1040.32	1251.80	1411.36	1496.17	963.82	903.62	748.24	671.20	709.05	680.11	769.62	854.60	934.60	1071.89	1125.52	1259.61	1471.38	1537.16	1098.66	975.66	888.70	871.94	796.53	913.09	893.18	961.46	1086.08	1119.99	1279.55	1369.80	1433.51	1638.68	1151.53	1117.62	1028.60	971.52	1054.98	1016.56	985.96	1082.88	1144.16	1273.02	1274.54	1442.38	1615.27	1668.57	1316.20	1209.17	1210.18	1087.48	1123.11	1154.06	1219.44	1264.97	1298.25	1421.91	1456.90	1533.25	1664.68	1791.12	1403.11	1390.76	1333.95	1272.89	1289.34	1345.02	1330.36	1351.93	1402.80	1493.93	1616.73	1702.60	1725.79	1938.26	1577.30	1466.04	1519.94	1459.03	1381.74	1407.22	1487.67	1491.83	1512.78	1619.34	1722.99	1745.65	1866.37	1941.17	1725.85	1691.36	1608.85	1525.25	1525.23	1571.85	1580.56	1690.02	1693.79	1703.28	1812.83	1909.73	1948.16	2000.39	1789.34	1713.44	1771.57	1712.88	1772.38	1661.43	1750.60	1714.99	1851.89	1826.50	1965.34	1957.53	2085.09	2190.03	1940.50	1858.48	1920.08	1886.89	1847.54	1900.36	1875.58	1876.16	1890.33	2042.00	2132.60	2104.37	2285.58	2363.62	2121.71	2015.64	2018.33	1979.23	1946.13	1967.52	1977.16	2106.74	2081.39	2188.62	2152.75	2248.67	2355.68	2430.55
753.88	618.23	562.26	375.65	191.83	0.00	180.00	246.98	440.18	543.99	747.41	858.37	1039.32	1256.01	763.04	611.31	563.79	386.62	268.54	122.67	199.65	277.52	390.61	568.81	704.85	910.08	1101.35	1216.21	915.16	682.34	562.70	493.90	300.78	255.84	303.50	418.29	567.62	658.34	756.32	883.49	1060.28	1177.60	843.49	834.93	612.75	464.72	489.62	436.19	444.79	494.81	607.49	745.72	856.58	937.04	1127.16	1223.49	1000.57	818.96	709.37	607.30	618.12	535.26	487.26	603.04	683.06	819.65	872.06	1076.68	1230.32	1310.24	1087.19	1007.76	834.81	702.29	695.66	642.03	677.83	758.95	795.37	922.25	969.43	1089.41	1296.04	1363.30	1199.12	1069.48	955.89	895.99	782.85	891.15	837.73	870.57	964.29	983.82	1128.85	1218.72	1264.99	1467.30	1255.38	1196.88	1073.83	1008.70	1042.06	991.40	928.99	987.26	1025.12	1146.63	1135.23	1296.61	1453.37	1506.57	1391.56	1283.01	1260.43	1114.15	1108.47	1133.52	1156.59	1177.80	1190.15	1306.68	1332.86	1396.06	1513.58	1636.04	1486.39	1449.76	1369.87	1293.87	1273.13	1309.01	1280.06	1276.29	1314.15	1392.21	1489.85	1568.90	1582.53	1786.43	1634.42	1524.21	1555.52	1473.27	1373.27	1371.01	1439.85	1422.18	1429.29	1524.07	1609.18	1615.06	1730.65	1799.41	1783.06	1730.97	1632.37	1528.66	1510.89	1539.71	1540.12	1627.11	1616.43	1601.49	1709.68	1796.20	1818.23	1862.35	1850.18	1751.69	1794.69	1718.00	1761.99	1633.46	1701.65	1649.06	1781.15	1732.44	1869.07	1841.64	1959.05	2058.18	1989.27	1898.74	1937.04	1885.75	1839.98	1876.88	1833.81	1819.11	1821.21	1955.10	2033.27	1992.29	2167.95	2237.23	2165.78	2042.10	2036.69	1977.66	1934.76	1943.35	1933.67	2052.06	2015.46	2102.84	2062.16	2144.50	2238.90	2306.09
924.31	787.89	726.82	535.90	361.56	180.00	0.00	66.99	271.17	381.35	584.56	693.81	872.03	1087.78	938.77	789.53	743.16	566.28	446.71	270.68	158.16	229.92	290.72	441.22	553.95	759.17	944.79	1058.40	1095.04	862.24	742.46	668.14	466.57	387.29	314.32	354.56	479.94	553.39	632.30	753.21	913.87	1032.15	1022.19	1012.54	788.41	627.65	619.46	544.54	510.31	481.23	564.02	653.22	756.56	828.53	1002.06	1086.13	1173.71	989.58	872.51	755.93	756.12	646.93	555.16	593.13	654.21	746.17	793.30	979.22	1117.21	1183.21	1258.76	1172.89	994.61	837.69	803.00	733.51	717.28	789.69	768.79	875.04	910.32	1001.99	1195.29	1264.93	1361.41	1229.84	1104.95	1021.76	886.42	984.81	905.14	901.63	955.58	955.06	1074.89	1162.51	1178.24	1372.93	1418.79	1349.34	1209.14	1140.25	1138.72	1079.68	991.79	1009.15	1018.13	1127.16	1098.25	1247.26	1376.35	1428.81	1540.51	1431.97	1396.39	1237.36	1202.38	1222.28	1207.83	1204.00	1192.57	1298.28	1312.96	1357.61	1453.36	1568.44	1638.88	1589.16	1495.80	1410.75	1362.86	1381.75	1340.62	1312.51	1336.09	1398.38	1463.99	1533.06	1533.22	1722.64	1771.44	1662.58	1679.51	1583.36	1467.62	1442.62	1500.15	1462.01	1454.87	1535.61	1598.26	1582.86	1690.45	1750.25	1919.26	1856.32	1747.55	1630.25	1598.88	1612.58	1605.76	1670.89	1645.90	1604.75	1710.18	1783.68	1784.96	1817.85	1988.24	1876.02	1908.36	1819.12	1850.68	1708.86	1757.78	1689.64	1815.60	1742.89	1875.81	1825.86	1929.70	2020.62	2119.15	2023.52	2045.36	1980.78	1930.30	1953.88	1895.22	1866.54	1856.89	1971.30	2035.26	1979.87	2147.65	2205.62	2291.80	2156.64	2145.46	2071.73	2021.33	2019.26	1992.72	2099.85	2052.67	2119.13	2073.58	2140.23	2219.18	2276.55
988.33	851.84	789.44	598.07	426.67	246.98	66.99	0.00	213.48	326.13	527.35	635.21	811.60	1026.60	1004.37	855.93	809.92	633.15	513.44	334.19	190.63	246.74	276.21	404.94	503.39	707.15	889.37	1002.13	1161.96	929.18	809.43	733.89	530.92	445.45	344.14	353.05	462.20	525.78	594.36	711.10	863.32	981.63	1088.91	1078.98	854.43	690.79	674.27	594.48	548.77	494.14	562.90	629.52	728.17	795.70	960.78	1039.08	1238.88	1054.15	935.17	814.96	812.23	696.51	593.35	604.27	656.90	729.35	773.68	950.06	1080.63	1140.37	1323.45	1235.76	1056.14	892.69	849.96	776.28	743.56	812.04	770.50	867.43	897.59	976.91	1163.60	1233.95	1423.29	1291.25	1163.16	1073.17	931.67	1026.35	938.71	922.90	961.98	953.87	1062.92	1149.11	1152.43	1343.20	1480.96	1408.22	1262.95	1193.07	1180.48	1118.98	1023.18	1026.25	1024.65	1128.22	1092.78	1236.11	1353.65	1405.63	1598.10	1489.68	1450.05	1287.31	1242.99	1261.11	1234.02	1221.38	1201.38	1302.52	1312.82	1350.17	1437.07	1548.85	1697.51	1643.65	1546.07	1458.24	1401.52	1414.61	1369.44	1332.93	1351.29	1407.58	1460.95	1525.95	1520.92	1704.13	1824.95	1716.65	1728.86	1628.27	1507.53	1474.88	1528.33	1483.11	1470.90	1546.24	1600.37	1576.99	1681.18	1737.37	1972.37	1905.89	1793.87	1672.22	1636.33	1644.81	1635.49	1692.74	1662.70	1612.12	1716.20	1784.66	1778.10	1806.60	2041.91	1925.23	1953.96	1860.60	1887.85	1741.73	1783.81	1710.30	1833.75	1752.50	1883.72	1825.50	1923.98	2011.58	2169.98	2072.72	2088.98	2019.93	1967.90	1986.83	1922.81	1889.23	1875.38	1982.48	2041.07	1980.43	2144.93	2198.51	2341.20	2202.26	2189.11	2110.42	2057.49	2051.72	2019.29	2122.23	2071.32	2130.05	2082.80	2143.52	2216.56	2270.12
1192.90	1056.74	997.22	806.72	629.37	440.18	271.17	213.48	0.00	113.39	314.02	422.69	601.13	817.25	1203.09	1049.88	1000.11	822.75	691.43	496.06	294.49	288.81	212.17	233.39	294.02	495.27	675.90	788.69	1347.29	1115.08	989.42	896.77	687.88	576.28	394.31	305.30	341.50	368.90	407.06	512.74	652.30	770.44	1260.12	1245.84	1018.24	835.73	778.87	683.30	599.41	466.74	483.31	477.37	559.80	615.12	761.57	831.26	1391.11	1202.97	1072.35	934.50	917.97	778.74	639.57	559.86	581.67	591.80	626.73	775.21	888.94	937.85	1470.97	1370.70	1184.79	991.23	915.93	828.88	739.43	791.33	685.74	750.93	765.71	811.20	980.94	1052.23	1550.28	1416.50	1272.21	1151.82	988.37	1066.17	951.70	894.13	884.28	853.48	929.32	1010.19	982.71	1163.36	1609.43	1518.06	1349.27	1275.86	1217.71	1148.11	1025.90	980.55	945.50	1030.17	976.61	1101.88	1189.24	1239.69	1699.45	1592.53	1533.42	1356.06	1274.63	1285.67	1213.68	1171.98	1125.29	1210.81	1208.08	1224.46	1287.34	1390.27	1803.65	1729.15	1613.10	1514.33	1423.22	1414.68	1355.87	1291.45	1292.59	1329.24	1346.05	1399.22	1380.55	1547.14	1904.44	1799.57	1790.18	1671.79	1532.60	1471.99	1510.28	1441.65	1413.10	1470.58	1498.68	1453.12	1547.42	1593.95	2049.00	1966.86	1841.75	1703.51	1650.53	1639.71	1621.61	1651.34	1605.12	1525.78	1624.89	1678.11	1649.99	1666.89	2120.77	1984.47	1997.61	1888.27	1898.72	1737.98	1755.55	1664.78	1778.89	1671.61	1796.63	1714.89	1798.01	1876.43	2234.98	2131.01	2123.59	2037.33	1979.77	1981.29	1898.78	1848.80	1821.30	1904.56	1946.71	1871.34	2025.84	2067.50	2398.93	2244.43	2223.28	2125.46	2063.32	2043.95	1991.00	2079.06	2016.29	2050.41	1998.28	2041.25	2097.39	2140.56
1297.87	1162.15	1104.50	914.89	735.03	543.99	381.35	326.13	113.39	0.00	203.82	314.42	495.58	712.41	1304.62	1149.23	1097.71	921.01	785.60	587.51	379.38	352.64	242.22	167.26	181.88	381.88	563.66	677.06	1441.06	1209.97	1081.95	981.79	773.02	653.11	448.07	322.13	303.63	299.43	310.44	406.12	538.99	657.09	1346.76	1330.32	1102.63	913.13	838.63	738.26	639.62	475.32	459.77	404.90	472.92	518.96	653.11	718.77	1467.32	1278.58	1143.26	998.51	975.59	827.91	675.89	552.39	554.86	524.89	552.55	680.75	784.04	827.41	1544.35	1438.16	1250.44	1044.20	954.09	862.29	746.21	787.53	648.82	692.85	697.86	721.89	880.57	952.06	1612.61	1478.70	1327.24	1192.70	1020.51	1088.37	961.97	883.26	846.14	802.79	857.76	934.57	889.58	1063.78	1672.23	1571.68	1392.03	1317.49	1236.47	1163.55	1029.34	958.55	905.35	977.87	914.61	1028.06	1097.89	1147.29	1747.63	1642.09	1573.23	1389.71	1289.81	1297.01	1201.98	1145.00	1084.11	1159.92	1149.93	1154.42	1203.55	1301.22	1853.86	1768.88	1643.86	1540.06	1431.67	1411.74	1346.21	1267.39	1259.12	1284.63	1281.13	1327.44	1301.40	1458.38	1940.15	1837.59	1816.89	1689.83	1541.90	1466.96	1496.84	1416.17	1379.00	1426.29	1439.99	1382.59	1471.05	1512.21	2082.58	1992.51	1861.09	1714.90	1653.22	1632.22	1609.56	1624.33	1569.70	1475.29	1571.09	1615.82	1576.23	1586.87	2155.27	2009.12	2013.96	1896.69	1898.17	1730.56	1734.96	1635.47	1743.90	1623.20	1744.25	1650.24	1724.84	1798.15	2261.71	2154.55	2134.61	2039.59	1979.36	1971.62	1879.66	1821.18	1786.51	1856.60	1889.81	1806.88	1955.57	1990.87	2421.25	2259.00	2233.67	2126.09	2059.31	2032.81	1969.17	2048.92	1980.09	2000.96	1946.43	1979.81	2026.89	2064.52
1501.21	1365.64	1308.30	1118.71	938.68	747.41	584.56	527.35	314.02	203.82	0.00	111.46	294.12	510.76	1506.58	1350.18	1297.72	1121.68	984.25	785.56	576.31	538.00	413.57	254.25	95.04	196.88	362.95	474.86	1637.99	1408.06	1278.64	1173.02	965.54	840.33	621.29	471.05	386.60	323.20	250.77	280.39	353.10	468.43	1538.09	1519.78	1292.80	1098.20	1007.33	903.74	791.87	599.14	539.79	397.11	415.08	425.48	500.87	540.39	1648.36	1459.76	1320.43	1169.68	1140.11	985.31	822.49	648.22	620.08	513.87	520.94	581.70	643.67	660.89	1722.14	1609.95	1421.31	1202.61	1095.99	1000.13	851.93	875.89	688.99	687.80	670.44	636.73	754.47	825.03	1777.70	1644.31	1485.33	1334.51	1153.49	1206.64	1065.86	956.88	873.44	807.27	813.53	877.67	786.54	936.62	1837.61	1726.43	1534.22	1458.91	1347.43	1270.81	1121.34	1010.99	926.45	972.18	890.28	972.79	995.15	1040.62	1894.47	1791.29	1710.05	1519.76	1394.72	1396.07	1265.95	1183.60	1097.66	1152.20	1127.20	1105.02	1119.43	1201.55	2002.79	1904.31	1767.64	1657.55	1524.49	1486.73	1411.07	1308.71	1283.40	1286.97	1240.85	1270.71	1227.39	1357.57	2069.03	1970.25	1933.62	1794.66	1634.78	1537.79	1553.13	1452.43	1399.96	1426.85	1410.74	1327.92	1401.43	1428.97	2207.72	2106.60	1966.59	1809.34	1734.49	1696.99	1666.86	1655.04	1585.43	1462.66	1550.39	1576.52	1511.53	1507.06	2281.39	2121.64	2113.89	1985.03	1972.04	1794.46	1776.02	1661.84	1758.46	1612.87	1724.50	1605.40	1659.97	1720.62	2376.04	2264.63	2225.53	2117.03	2052.85	2029.64	1921.99	1848.71	1801.01	1844.79	1859.32	1760.90	1895.46	1915.85	2528.29	2354.83	2323.06	2200.31	2126.28	2087.85	2005.93	2069.90	1990.20	1984.91	1925.93	1938.97	1965.73	1990.38
1612.25	1476.57	1418.74	1228.81	1049.44	858.37	693.81	635.21	422.69	314.42	111.46	0.00	182.83	399.31	1618.00	1461.64	1409.16	1233.14	1095.61	896.90	687.63	647.86	521.96	353.66	183.94	140.37	262.36	370.12	1749.04	1519.31	1389.70	1283.07	1076.00	949.82	728.35	574.10	475.03	396.73	297.12	275.23	275.84	383.13	1648.00	1629.23	1402.55	1206.85	1111.58	1007.38	892.15	692.94	620.46	450.06	440.11	427.01	451.50	464.66	1755.37	1566.97	1426.60	1274.26	1242.67	1086.12	920.78	731.59	692.59	557.03	553.06	569.61	598.81	593.65	1828.09	1714.05	1525.35	1302.97	1191.00	1094.24	935.58	952.43	748.98	726.43	698.00	631.52	717.41	785.74	1879.29	1746.25	1584.88	1428.50	1244.95	1292.13	1146.59	1026.20	923.21	847.35	827.45	882.77	764.82	895.28	1939.23	1824.32	1627.76	1552.36	1429.19	1351.47	1196.71	1070.25	972.26	1003.71	913.47	976.98	969.56	1011.77	1989.05	1886.96	1801.04	1608.57	1473.72	1472.57	1327.81	1234.35	1137.14	1180.04	1147.32	1110.54	1103.97	1175.31	2098.02	1994.32	1853.17	1740.77	1597.64	1552.10	1472.27	1359.59	1326.17	1318.57	1249.88	1269.98	1216.86	1329.13	2156.02	2059.00	2015.74	1872.02	1707.46	1600.97	1609.43	1499.72	1440.06	1456.27	1424.27	1327.81	1391.86	1410.94	2292.89	2187.19	2043.75	1882.07	1801.55	1756.56	1723.04	1698.31	1621.55	1484.81	1567.51	1583.16	1504.00	1490.53	2366.85	2201.52	2188.21	2054.44	2034.80	1853.19	1823.79	1702.89	1792.97	1635.16	1741.03	1608.72	1651.36	1704.12	2456.23	2343.15	2295.48	2181.02	2115.16	2084.66	1969.74	1889.39	1835.27	1864.97	1869.22	1762.62	1888.37	1899.88	2604.98	2426.75	2392.09	2262.55	2185.29	2141.24	2050.58	2106.32	2021.32	2002.15	1941.02	1942.71	1957.71	1974.62
1793.12	1657.21	1598.34	1407.83	1229.85	1039.32	872.03	811.60	601.13	495.58	294.12	182.83	0.00	216.86	1800.05	1644.07	1591.79	1415.63	1278.37	1079.68	870.42	830.18	703.48	530.24	360.74	213.93	151.78	222.63	1931.86	1702.13	1572.52	1465.36	1258.56	1131.77	908.53	751.42	640.86	551.88	435.66	362.94	236.69	297.66	1830.14	1811.00	1584.58	1388.02	1288.53	1183.90	1065.52	860.85	775.90	582.33	541.29	498.97	437.55	393.00	1934.73	1746.60	1605.23	1451.37	1417.64	1259.49	1091.96	888.16	837.74	672.43	655.04	608.22	579.25	529.92	2006.28	1890.23	1701.62	1475.39	1357.57	1260.10	1090.28	1098.51	878.20	829.27	787.07	676.63	704.83	765.98	2052.43	1919.93	1755.93	1593.16	1407.12	1446.81	1296.17	1162.54	1035.75	948.60	892.46	932.77	776.45	867.73	2112.36	1993.04	1791.40	1716.06	1578.54	1499.78	1339.19	1193.05	1078.59	1089.59	989.47	1022.90	967.37	1002.86	2153.42	2052.85	1961.13	1766.32	1619.30	1614.88	1451.47	1343.69	1231.96	1257.44	1213.84	1155.48	1115.46	1167.21	2263.08	2152.78	2006.06	1890.90	1734.90	1679.02	1593.95	1467.83	1423.28	1399.59	1297.80	1302.24	1234.21	1314.66	2310.22	2215.70	2163.70	2013.93	1843.61	1724.60	1723.38	1601.68	1532.17	1532.51	1476.76	1360.18	1408.06	1412.91	2444.41	2332.69	2184.90	2017.62	1929.56	1874.29	1836.14	1792.95	1706.24	1549.82	1623.99	1623.14	1522.14	1493.99	2518.65	2346.01	2325.06	2184.82	2155.85	1969.25	1924.23	1794.25	1874.02	1698.96	1795.07	1643.17	1666.15	1705.39	2600.67	2485.48	2425.95	2303.33	2235.31	2194.41	2069.40	1979.04	1915.68	1923.73	1911.91	1793.13	1903.63	1900.42	2744.30	2559.69	2521.01	2382.11	2300.44	2248.39	2145.30	2188.48	2095.89	2055.46	1991.35	1975.08	1970.95	1974.98
2009.72	1873.74	1814.42	1623.68	1446.34	1256.01	1087.78	1026.60	817.25	712.41	510.76	399.31	216.86	0.00	2016.92	1860.87	1808.47	1632.41	1494.87	1296.14	1086.88	1045.02	917.34	740.19	572.70	397.30	223.31	162.79	2147.75	1918.40	1788.48	1679.82	1473.69	1345.79	1120.39	960.65	840.92	745.47	622.54	523.71	331.67	308.93	2044.21	2024.39	1798.53	1600.63	1495.77	1390.85	1269.35	1060.37	965.02	757.47	694.05	631.26	496.94	392.17	2144.37	1956.76	1814.13	1658.51	1622.26	1462.65	1293.35	1076.72	1016.55	829.79	801.55	699.09	610.73	512.95	2214.23	2095.65	1907.36	1676.89	1552.85	1455.06	1274.87	1274.41	1041.46	969.10	915.43	768.37	731.86	779.81	2253.80	2122.14	1955.20	1785.47	1597.40	1628.79	1473.75	1327.86	1179.33	1083.13	992.45	1015.40	825.69	865.66	2313.65	2189.08	1981.94	1906.89	1753.98	1674.55	1508.98	1344.16	1214.99	1204.75	1097.25	1097.73	990.42	1016.48	2343.95	2245.39	2147.09	1950.23	1790.38	1782.43	1600.27	1478.60	1353.37	1359.80	1305.43	1225.04	1148.59	1175.79	2454.25	2336.35	2183.59	2065.74	1896.16	1829.32	1739.24	1599.93	1543.99	1503.24	1367.04	1353.80	1270.50	1311.51	2488.42	2397.05	2335.08	2178.97	2003.00	1870.94	1859.10	1725.41	1645.97	1628.86	1547.57	1410.54	1438.83	1426.97	2619.15	2500.70	2348.38	2175.45	2079.41	2013.02	1970.01	1906.67	1809.77	1633.44	1696.97	1677.39	1552.91	1508.17	2693.54	2512.82	2483.11	2336.03	2296.62	2105.48	2043.29	1904.29	1971.74	1779.18	1863.04	1690.78	1690.63	1713.41	2766.72	2649.37	2576.29	2444.83	2374.65	2322.15	2186.51	2085.52	2012.27	1995.67	1965.54	1834.11	1925.48	1904.97	2903.98	2712.44	2669.23	2520.10	2433.77	2372.87	2256.28	2284.86	2184.31	2119.88	2052.95	2016.10	1989.66	1978.45
92.64	175.22	253.03	425.44	577.85	763.04	938.77	1004.37	1203.09	1304.62	1506.58	1618.00	1800.05	2016.92	0.00	161.83	221.24	387.37	530.34	726.25	933.60	987.81	1117.28	1303.00	1455.49	1657.13	1852.29	1967.65	227.62	168.93	280.45	423.11	579.38	714.39	942.43	1105.40	1257.29	1360.37	1476.16	1605.98	1799.60	1913.78	309.39	341.98	365.46	531.90	708.16	780.68	903.23	1090.92	1224.69	1422.01	1535.38	1624.38	1833.44	1946.93	525.30	470.42	527.53	624.60	690.94	791.59	914.22	1159.39	1257.14	1456.31	1512.76	1736.27	1911.89	2014.56	608.86	638.49	602.42	731.55	869.59	908.27	1093.49	1171.82	1341.89	1493.74	1560.87	1728.67	1950.72	2010.01	803.52	729.85	758.83	880.85	930.32	1038.58	1108.24	1250.96	1436.61	1503.98	1692.01	1778.95	1891.81	2100.86	835.55	893.24	933.93	915.01	1126.85	1129.28	1187.60	1368.15	1482.43	1620.21	1656.24	1833.08	2047.48	2099.63	1074.98	987.85	1065.76	1038.07	1187.91	1230.52	1403.05	1508.72	1594.81	1728.71	1785.82	1895.23	2062.22	2196.96	1125.70	1193.90	1217.10	1210.24	1334.40	1439.89	1466.95	1556.20	1638.23	1758.56	1945.20	2047.02	2097.62	2329.85	1367.63	1263.63	1383.21	1394.02	1393.05	1495.95	1601.70	1667.19	1725.28	1857.75	2008.63	2079.16	2210.55	2301.31	1504.12	1527.12	1501.03	1486.13	1538.88	1633.35	1665.35	1831.37	1876.48	1955.37	2063.23	2186.21	2272.11	2347.34	1551.89	1551.68	1652.05	1652.37	1754.00	1703.39	1847.45	1863.41	2005.97	2049.83	2188.54	2239.11	2392.70	2512.37	1731.25	1680.43	1809.47	1833.09	1815.54	1912.54	1943.45	1988.86	2037.59	2234.17	2358.09	2369.12	2561.38	2664.41	1917.46	1870.56	1897.72	1921.13	1919.39	1977.78	2044.27	2200.50	2209.72	2371.45	2351.36	2484.64	2626.91	2723.59
198.63	138.95	192.08	306.67	432.71	611.31	789.53	855.93	1049.88	1149.23	1350.18	1461.64	1644.07	1860.87	161.83	0.00	60.69	228.56	369.79	567.04	775.41	827.58	957.25	1142.90	1296.98	1497.74	1693.30	1808.65	316.92	106.81	136.66	274.67	417.77	552.62	780.67	943.84	1095.54	1198.71	1314.89	1444.68	1639.18	1753.00	312.40	329.07	248.99	382.24	559.49	625.47	745.23	929.90	1063.70	1260.22	1373.61	1462.58	1671.64	1785.45	528.11	417.32	429.95	495.97	560.10	644.53	758.26	1000.32	1097.98	1295.41	1351.86	1575.10	1750.28	1852.73	619.40	612.18	529.78	611.93	736.99	766.11	942.69	1022.85	1184.87	1336.16	1402.41	1568.26	1790.00	1849.72	796.52	700.88	691.43	780.63	804.76	917.92	972.96	1106.65	1286.12	1350.08	1536.00	1623.55	1732.33	1941.38	837.90	862.99	863.57	833.17	1019.79	1013.51	1056.11	1225.81	1333.80	1471.33	1503.35	1679.86	1890.46	1942.81	1055.64	959.42	1014.38	958.44	1083.86	1124.75	1278.21	1374.41	1452.85	1586.14	1640.35	1745.75	1908.90	2043.01	1120.31	1162.11	1160.99	1138.58	1237.79	1333.65	1352.21	1429.34	1506.57	1622.87	1800.57	1900.51	1947.57	2177.89	1343.03	1234.96	1336.03	1326.47	1305.59	1391.85	1493.38	1546.95	1598.49	1727.27	1870.95	1934.35	2064.65	2153.42	1485.32	1490.34	1447.12	1413.03	1453.00	1537.17	1564.19	1719.51	1756.58	1823.08	1931.84	2050.89	2129.43	2201.45	1538.87	1514.45	1603.42	1587.16	1678.76	1612.60	1745.37	1750.34	1892.79	1923.30	2062.77	2103.15	2253.00	2370.67	1710.85	1649.69	1759.90	1767.97	1744.46	1831.04	1848.79	1884.40	1926.05	2114.64	2232.69	2236.58	2427.57	2526.63	1897.07	1831.63	1851.84	1857.96	1847.88	1897.31	1950.56	2101.71	2103.31	2254.46	2231.13	2357.78	2494.12	2587.28
258.00	179.38	214.01	287.45	391.71	563.79	743.16	809.92	1000.11	1097.71	1297.72	1409.16	1591.79	1808.47	221.24	60.69	0.00	177.46	314.57	512.93	721.95	771.90	901.71	1087.18	1242.78	1442.63	1638.52	1753.83	353.69	124.12	86.60	216.86	358.23	493.40	722.42	886.12	1037.28	1140.70	1257.61	1387.33	1582.95	1696.33	320.63	330.08	207.84	323.33	500.42	565.00	684.54	869.78	1003.56	1201.03	1314.32	1403.45	1613.05	1727.73	527.38	397.84	391.34	443.81	506.70	585.75	697.68	939.68	1037.36	1235.23	1291.69	1515.08	1690.68	1793.89	619.68	598.57	499.43	562.28	682.29	708.46	882.83	963.33	1124.19	1275.47	1341.74	1507.90	1729.75	1789.33	787.76	684.91	660.86	736.99	752.16	866.61	916.97	1048.13	1226.23	1289.66	1475.36	1562.96	1671.76	1880.82	832.24	844.84	830.41	795.95	972.76	963.56	1001.13	1167.70	1274.24	1411.69	1443.04	1619.50	1829.77	1882.14	1040.21	941.21	987.32	921.33	1037.67	1077.87	1224.93	1318.32	1394.73	1527.83	1581.37	1685.97	1848.51	1982.54	1109.73	1141.53	1131.51	1103.57	1193.75	1286.19	1301.98	1375.32	1451.12	1566.26	1741.74	1841.27	1887.66	2117.67	1324.37	1215.21	1309.16	1292.32	1264.52	1345.00	1445.01	1494.79	1544.36	1672.01	1813.74	1875.46	2005.51	2093.88	1468.34	1466.78	1417.50	1376.70	1412.16	1492.71	1518.05	1669.78	1704.37	1767.30	1876.26	1994.22	2070.97	2142.30	1523.85	1490.66	1575.32	1553.22	1641.16	1569.83	1698.72	1700.21	1842.52	1869.05	2008.69	2046.31	2195.21	2312.40	1692.72	1627.92	1731.16	1733.74	1708.20	1791.11	1804.45	1836.86	1876.26	2062.32	2178.64	2180.59	2371.20	2469.25	1878.58	1806.55	1824.24	1824.28	1811.32	1857.64	1906.43	2055.80	2054.99	2202.83	2178.55	2303.28	2437.99	2530.25
399.08	277.09	256.71	188.38	222.50	386.62	566.28	633.15	822.75	921.01	1121.68	1233.14	1415.63	1632.41	387.37	228.56	177.46	0.00	144.27	338.93	546.91	600.56	729.94	915.67	1068.61	1269.83	1465.15	1580.51	528.94	296.34	186.52	193.15	212.39	339.49	559.88	720.66	873.78	975.93	1090.06	1219.91	1412.35	1526.78	471.71	470.74	275.16	258.12	414.41	451.03	554.56	720.66	853.81	1042.14	1155.95	1243.87	1450.30	1561.34	656.11	494.85	433.78	418.78	468.66	498.70	575.97	800.96	897.40	1085.16	1141.38	1362.47	1534.01	1632.27	747.55	698.40	559.88	542.32	626.29	628.46	773.88	857.94	992.12	1140.31	1202.94	1359.85	1579.53	1641.28	893.36	776.22	712.28	737.51	707.15	825.88	845.44	953.05	1113.08	1166.41	1344.46	1433.56	1527.71	1736.31	943.76	926.47	867.76	819.99	951.57	928.07	935.19	1075.26	1165.44	1301.00	1321.58	1496.15	1694.32	1747.22	1125.43	1020.78	1040.81	942.48	1019.18	1055.50	1166.81	1240.70	1300.27	1430.78	1477.46	1571.99	1723.94	1855.79	1206.05	1211.55	1175.02	1128.86	1182.40	1258.20	1260.01	1311.08	1376.96	1483.06	1638.66	1733.47	1771.32	1995.76	1397.65	1286.66	1358.67	1318.07	1264.67	1319.22	1411.03	1440.62	1478.13	1597.77	1724.66	1771.24	1898.29	1981.84	1544.94	1524.83	1457.22	1393.72	1411.60	1476.29	1493.95	1627.30	1648.42	1688.92	1798.74	1908.62	1970.37	2034.56	1605.28	1547.84	1618.56	1577.17	1651.22	1559.97	1670.92	1655.48	1796.23	1800.29	1940.30	1959.20	2100.11	2212.85	1764.65	1690.02	1771.27	1755.36	1722.70	1791.16	1786.29	1804.08	1832.26	2004.07	2109.84	2099.18	2286.61	2376.85	1948.51	1857.67	1867.46	1847.24	1824.09	1858.33	1888.61	2029.44	2017.41	2147.83	2118.42	2231.33	2354.97	2440.41
543.05	418.14	387.45	257.91	165.04	268.54	446.71	513.44	691.43	785.60	984.25	1095.61	1278.37	1494.87	530.34	369.79	314.57	144.27	0.00	198.73	408.00	457.79	587.48	773.11	928.24	1128.19	1323.99	1439.31	656.02	424.39	298.20	229.00	96.05	200.86	415.82	576.40	729.52	831.67	946.13	1075.97	1269.43	1383.45	575.48	566.39	345.23	228.09	332.97	340.82	427.43	580.38	712.80	898.31	1012.15	1099.87	1306.03	1417.27	734.50	556.36	460.06	392.14	424.89	409.19	454.36	665.25	760.54	943.57	999.63	1219.84	1390.38	1488.04	822.49	751.36	588.70	507.37	555.76	538.04	657.24	742.46	858.84	1004.84	1065.58	1218.60	1437.43	1499.78	945.35	819.40	725.39	708.15	641.99	760.02	754.99	843.41	990.00	1037.10	1210.47	1300.08	1387.67	1595.93	999.83	957.29	863.61	806.57	897.88	863.64	847.10	965.99	1044.69	1178.31	1192.60	1365.60	1557.56	1610.62	1155.29	1047.75	1045.50	923.00	966.11	998.65	1080.95	1140.05	1187.76	1315.84	1358.05	1446.32	1592.25	1722.81	1244.37	1227.06	1168.93	1108.67	1132.01	1193.84	1185.04	1219.23	1277.57	1376.83	1519.12	1610.85	1643.83	1864.96	1413.52	1302.30	1354.91	1295.31	1222.13	1255.81	1340.42	1354.86	1383.51	1496.89	1613.45	1650.60	1775.58	1856.24	1562.18	1526.39	1444.19	1362.98	1366.68	1418.38	1430.00	1548.63	1559.92	1584.81	1694.73	1798.95	1851.32	1911.25	1626.20	1548.43	1606.87	1550.09	1612.39	1506.34	1602.78	1574.98	1713.76	1702.11	1841.78	1848.42	1984.03	2093.90	1776.06	1693.55	1755.76	1724.93	1686.84	1743.43	1724.62	1731.37	1751.23	1912.21	2010.46	1991.59	2176.54	2261.82	1956.99	1850.73	1853.86	1817.25	1786.11	1810.66	1826.57	1960.30	1940.12	2057.68	2024.85	2129.50	2245.74	2326.80
731.93	601.18	557.71	389.03	211.32	122.67	270.68	334.19	496.06	587.51	785.56	896.90	1079.68	1296.14	726.25	567.04	512.93	338.93	198.73	0.00	209.27	262.82	391.49	577.16	730.00	930.90	1126.28	1241.64	853.55	622.69	494.53	403.17	197.04	133.23	242.29	390.64	545.04	644.35	754.53	884.20	1074.02	1188.98	764.48	751.40	524.58	356.97	367.26	315.06	337.52	427.66	552.73	719.17	832.70	918.10	1119.28	1226.07	905.61	720.17	601.87	490.08	497.41	413.12	377.55	528.05	616.24	777.39	832.22	1046.76	1210.90	1302.16	989.52	902.21	724.56	581.20	573.54	522.63	575.47	658.92	724.03	860.58	914.43	1051.85	1266.03	1330.81	1091.01	959.79	839.49	773.77	660.95	770.33	723.17	768.84	880.06	910.20	1068.24	1158.50	1224.82	1430.94	1148.24	1082.33	953.21	887.32	920.55	871.23	815.22	888.17	939.22	1065.89	1064.34	1231.40	1404.68	1457.98	1275.48	1166.87	1140.11	991.84	987.22	1013.00	1045.23	1075.40	1098.06	1218.93	1250.76	1323.64	1453.40	1579.82	1372.02	1330.40	1247.94	1171.27	1152.27	1191.26	1165.45	1169.52	1212.69	1297.07	1409.86	1493.90	1515.22	1726.97	1514.55	1404.62	1433.44	1350.62	1251.70	1253.39	1324.89	1313.56	1325.86	1425.96	1520.96	1537.79	1657.28	1730.90	1663.05	1609.08	1509.75	1406.35	1390.03	1421.53	1423.60	1516.60	1510.87	1506.68	1615.69	1707.99	1740.62	1790.85	1730.65	1629.70	1672.05	1595.66	1640.86	1514.64	1587.31	1539.54	1673.39	1634.02	1771.83	1754.87	1878.82	1982.07	1868.08	1776.83	1814.38	1763.85	1718.61	1757.54	1717.89	1707.07	1712.94	1853.73	1937.65	1903.40	2082.44	2157.38	2044.07	1919.49	1914.03	1855.83	1813.83	1824.16	1818.23	1939.56	1906.31	2001.12	1962.48	2051.40	2152.92	2224.97
934.81	801.53	751.58	570.16	384.35	199.65	158.16	190.63	294.49	379.38	576.31	687.63	870.42	1086.88	933.60	775.41	721.95	546.91	408.00	209.27	0.00	82.48	192.22	374.63	521.89	724.37	918.87	1034.21	1062.19	831.80	702.90	603.71	394.66	282.61	156.41	222.56	368.59	458.76	559.07	687.35	870.41	986.63	968.16	952.73	724.97	541.37	496.91	410.07	358.14	327.86	423.25	546.74	657.12	737.40	928.98	1028.58	1096.69	908.68	779.56	646.61	636.38	511.00	402.74	440.00	507.83	624.93	676.10	877.68	1030.72	1112.18	1176.97	1079.00	894.54	714.05	661.65	586.08	559.22	631.61	622.35	738.44	780.46	892.03	1096.88	1164.45	1261.30	1127.92	990.35	888.48	742.25	835.81	749.57	743.63	804.15	810.41	942.64	1031.77	1068.03	1269.11	1320.03	1236.38	1081.10	1009.92	989.93	928.38	835.21	851.97	866.43	979.64	957.58	1112.99	1259.21	1312.25	1422.64	1314.69	1267.65	1100.75	1052.36	1070.56	1049.88	1046.63	1038.97	1147.66	1166.04	1218.25	1325.52	1445.26	1524.36	1462.25	1359.57	1269.66	1211.01	1225.96	1183.24	1154.52	1179.31	1244.31	1319.55	1392.85	1399.47	1597.29	1641.94	1534.54	1541.45	1438.37	1316.91	1286.55	1342.64	1303.93	1297.77	1380.64	1448.87	1441.16	1552.45	1616.72	1788.71	1718.58	1604.51	1481.66	1446.05	1456.53	1448.71	1512.75	1488.52	1451.58	1557.77	1635.01	1643.98	1682.05	1858.94	1737.61	1764.25	1669.99	1697.66	1553.13	1599.87	1531.58	1657.89	1588.32	1722.11	1678.29	1787.25	1881.77	1983.67	1885.05	1898.65	1829.39	1777.62	1798.22	1737.61	1708.38	1699.10	1815.85	1882.77	1831.36	2001.94	2064.34	2153.59	2012.52	1998.78	1919.95	1867.59	1863.37	1834.91	1941.70	1894.84	1963.74	1919.05	1989.44	2073.32	2134.48
994.74	863.54	817.54	640.66	455.38	277.52	229.92	246.74	288.81	352.64	538.00	647.86	830.18	1045.02	987.81	827.58	771.90	600.56	457.79	262.82	82.48	0.00	129.83	315.33	473.70	670.95	867.19	982.40	1103.79	876.47	745.09	635.21	428.71	302.47	108.28	141.10	290.83	385.28	492.09	621.60	811.80	926.35	1000.17	981.82	754.81	561.51	490.67	394.51	318.34	251.34	341.10	468.65	580.30	662.56	858.93	963.51	1114.87	926.10	790.76	648.10	629.46	490.74	361.12	363.22	427.10	543.41	595.13	799.49	956.10	1042.08	1191.72	1086.62	899.49	702.44	632.34	549.63	497.42	565.31	541.75	656.08	698.02	811.97	1018.98	1085.96	1263.56	1129.67	983.52	865.79	708.51	794.63	696.67	676.31	726.11	729.38	860.16	949.29	987.69	1189.78	1322.93	1229.30	1062.13	989.24	948.24	883.09	779.13	781.07	788.59	899.64	875.76	1030.58	1177.66	1230.76	1410.85	1303.82	1247.12	1073.27	1008.57	1024.02	987.50	976.15	962.67	1069.20	1085.87	1136.31	1243.08	1363.06	1514.88	1442.66	1331.44	1236.61	1163.82	1171.01	1123.63	1086.63	1107.29	1168.47	1238.63	1311.06	1317.07	1514.93	1619.50	1513.70	1510.90	1400.26	1271.29	1230.82	1282.23	1236.68	1226.44	1305.76	1369.80	1359.64	1470.38	1534.31	1764.97	1687.97	1568.37	1438.75	1396.70	1400.58	1389.92	1446.20	1417.87	1374.92	1480.52	1555.63	1562.36	1599.79	1836.21	1706.29	1726.56	1626.00	1647.64	1497.86	1537.18	1464.01	1588.32	1512.99	1645.92	1598.46	1705.93	1799.84	1954.88	1853.40	1857.56	1781.87	1728.07	1742.87	1676.46	1642.58	1629.82	1741.55	1805.60	1751.93	1921.49	1982.82	2121.82	1974.44	1957.61	1871.71	1816.11	1807.42	1772.72	1875.63	1825.72	1889.36	1843.67	1911.17	1992.93	2053.11
1122.86	990.80	942.73	762.34	576.52	390.61	290.72	276.21	212.17	242.22	413.57	521.96	703.48	917.34	1117.28	957.25	901.71	729.94	587.48	391.49	192.22	129.83	0.00	185.73	345.03	541.13	737.42	852.60	1232.95	1006.12	874.53	762.53	557.36	428.46	208.76	94.00	189.22	269.29	366.91	495.50	682.54	797.61	1126.91	1107.52	881.25	684.90	598.46	496.94	398.03	255.31	292.25	364.07	470.80	548.05	736.84	837.09	1235.00	1046.33	907.84	759.58	734.40	585.70	435.44	353.42	389.37	455.74	502.59	693.06	840.67	920.03	1309.58	1199.91	1011.64	802.13	713.62	623.41	527.43	581.31	500.47	591.35	621.94	712.66	911.12	979.76	1372.05	1238.21	1085.26	951.71	782.46	856.18	739.56	686.25	696.03	680.38	787.13	873.84	889.06	1086.30	1431.77	1329.52	1150.72	1076.40	1006.92	936.60	813.96	778.05	758.42	855.92	817.03	960.17	1085.87	1138.42	1505.59	1399.93	1332.77	1151.38	1063.15	1073.71	1005.07	971.64	937.23	1032.62	1039.32	1074.00	1163.39	1277.75	1611.68	1528.53	1407.04	1305.97	1211.09	1203.36	1146.29	1088.68	1096.44	1143.07	1185.79	1249.78	1245.35	1432.12	1701.26	1597.81	1582.37	1461.09	1320.53	1261.05	1301.79	1239.25	1216.88	1283.25	1328.08	1300.97	1405.02	1462.04	1844.63	1758.69	1631.44	1491.66	1438.45	1429.22	1412.48	1449.34	1409.23	1344.81	1447.26	1511.40	1501.93	1530.79	1916.95	1775.91	1786.63	1676.19	1686.87	1527.39	1549.79	1464.24	1582.15	1487.62	1616.55	1551.41	1647.95	1735.42	2027.33	1922.10	1911.77	1825.23	1767.89	1771.15	1692.13	1646.79	1624.31	1719.21	1771.50	1706.77	1869.63	1922.32	2189.67	2033.16	2011.40	1913.46	1851.90	1834.19	1785.54	1878.27	1819.96	1866.21	1816.86	1871.66	1941.28	1993.97
1308.14	1175.62	1126.19	943.52	757.98	568.81	441.22	404.94	233.39	167.26	254.25	353.66	530.24	740.19	1303.00	1142.90	1087.18	915.67	773.11	577.16	374.63	315.33	185.73	0.00	170.04	356.58	553.25	668.16	1416.21	1190.57	1058.54	943.29	740.39	609.04	380.63	221.18	143.53	136.32	191.13	315.16	496.88	612.34	1306.22	1285.33	1060.56	861.02	758.52	654.08	538.78	345.65	302.45	244.54	328.50	391.10	561.94	654.74	1404.76	1216.85	1075.03	921.33	889.02	732.64	568.51	403.99	393.72	361.51	393.89	547.68	676.43	744.14	1476.04	1360.71	1172.03	949.68	841.78	746.09	605.14	637.32	483.12	526.71	535.42	579.89	759.08	829.68	1525.71	1392.62	1232.00	1080.39	900.16	956.78	820.79	727.41	679.68	635.65	697.71	777.45	753.18	939.55	1585.65	1472.51	1280.16	1204.87	1100.34	1024.98	882.02	796.62	738.51	810.98	749.95	869.67	958.19	1009.17	1640.25	1537.05	1456.62	1267.36	1150.13	1154.08	1044.02	980.74	917.05	992.95	984.29	993.71	1054.02	1158.04	1748.54	1651.19	1516.99	1408.67	1285.81	1258.09	1188.88	1103.87	1093.05	1117.37	1117.93	1167.88	1147.34	1314.72	1817.29	1717.65	1685.28	1550.75	1396.26	1311.89	1337.23	1251.97	1212.71	1259.03	1274.65	1222.29	1314.74	1360.56	1957.01	1859.33	1722.59	1570.29	1502.49	1475.36	1450.41	1459.48	1403.10	1308.37	1404.68	1451.73	1418.05	1433.62	2030.45	1874.96	1872.52	1749.37	1744.83	1573.56	1572.04	1470.03	1577.30	1456.10	1577.64	1487.10	1566.31	1643.43	2128.87	2019.00	1988.73	1887.77	1825.97	1813.11	1717.14	1656.04	1619.93	1689.50	1724.15	1643.71	1795.32	1834.86	2284.07	2115.63	2087.16	1973.11	1903.69	1873.52	1805.63	1883.08	1813.27	1834.01	1779.77	1815.53	1866.79	1908.08
